2170.
2731.8681435933436
3439.2182276406174
4329.719223482467
5450.793556375788
6862.142522565383
8638.925601010891
10875.762969711814
13691.774375220188
17236.922693516906
21700.
27318.681435933406
34392.18227640617
43297.192234824666
54507.935563757936
68621.42522565383
86389.25601010883
108757.62969711813
136917.74375220187
172369.2269351692
217000.
273186.81435933406
343921.82276406174
432971.9223482476
545079.3556375793
686214.2522565383
863892.5601010883
1.0875762969711812e6
1.3691774375220216e6
1.7236922693516922e6
2.17e6
2.73186814359334e6
3.4392182276406176e6
4.329719223482476e6
5.450793556375793e6
6.862142522565383e6
8.638925601010883e6
1.0875762969711812e7
1.3691774375220215e7
1.723692269351692e7
2.17e7
2.731868143593346e7
3.439218227640618e7
4.3297192234824665e7
5.450793556375793e7
6.862142522565383e7
8.6389256010109e7
1.0875762969711812e8
1.3691774375220215e8
1.7236922693516922e8
2.17e8
2.731868143593352e8
3.439218227640611e8
4.329719223482475e8
5.450793556375793e8
6.862142522565384e8
8.638925601010919e8
1.087576296971179e9
1.3691774375220218e9
1.7236922693516922e9
2.17e9
2.731868143593352e9
3.43921822764061e9
4.329719223482475e9
5.4507935563757925e9
6.862142522565383e9