0.002625604168190286
0.003305439808647437
0.004161302172262307
0.005238769050815289
0.0065952194845921765
0.00830288940551312
0.010452718463917036
0.013159192896555252
0.016566442336174696
0.020855915240033048
0.026256041681902858
0.03305439808647438
0.0416130217226231
0.052387690508152895
0.06595219484592178
0.08302889405513121
0.10452718463917036
0.13159192896555252
0.16566442336174686
0.20855915240033068
0.2625604168190286
0.3305439808647438
0.416130217226231
0.5238769050815293
0.6595219484592182
0.8302889405513121
1.0452718463917037
1.3159192896555252
1.6566442336174705
2.085591524003307
2.6256041681902857
3.305439808647438
4.16130217226231
5.238769050815292
6.595219484592182
8.30288940551312
10.452718463917025
13.159192896555252
16.56644233617472
20.85591524003307
26.256041681902857
33.054398086474414
41.6130217226231
52.387690508152865
65.95219484592181
83.0288940551312
104.52718463917046
131.5919289655525
165.66442336174723
208.55915240033067
262.56041681902855
330.5439808647441
416.13021722623097
523.8769050815298
659.5219484592182
830.2889405513121
1045.2718463917045
1315.9192896555253
1656.644233617472
2085.591524003307
2625.6041681902857
3305.439808647441
4161.30217226231
5238.769050815297
6595.219484592182
8302.88940551312
10452.718463917046
13159.192896555252
16566.44233617472
20855.91524003307
26256.041681902854
33054.398086474415
41613.021722623096
52387.69050815298
65952.19484592181
83028.89405513121
104527.18463917068
131591.92896555224
165664.4233617472
208559.15240033067
262560.4168190286
330543.9808647434
416130.2172262318
523876.9050815298
659521.9484592181
830288.9405513121
1.0452718463917024e6
1.3159192896555278e6
1.656644233617472e6
2.0855915240033069e6
2.6256041681902856e6